Матрица A:
1 50 2 20 25 45 25 99
40 49 80 65 80 91 69 4
48 56 24 63 18 16 71 45
18 84 94 22 95 69 6 66
67 54 74 25 98 51 58 23
97 46 15 37 45 38 79 39
5 97 79 95 75 66 38 86
3 76 8 86 41 86 95 32

Матрица B:
90 75 93 91 8 67 2 73
29 75 95 20 85 13 51 75
39 60 17 46 82 95 58 3
67 79 45 3 90 82 4 20
77 85 4 12 9 74 7 70
72 15 37 32 77 57 62 68
41 60 46 15 94 22 99 47
51 2 62 79 75 52 82 69

Результирующая матрица A (умноженная на  2.500000):
2.5 125 5 50 62.5 112.5 62.5 247.5
100 122.5 200 162.5 200 227.5 172.5 10
120 140 60 157.5 45 40 177.5 112.5
45 210 235 55 237.5 172.5 15 165
167.5 135 185 62.5 245 127.5 145 57.5
242.5 115 37.5 92.5 112.5 95 197.5 97.5
12.5 242.5 197.5 237.5 187.5 165 95 215
7.5 190 20 215 102.5 215 237.5 80

Поэлементное умножение матриц A и B:
90 3750 186 1820 200 3015 50 7227
1160 3675 7600 1300 6800 1183 3519 300
1872 3360 408 2898 1476 1520 4118 135
1206 6636 4230 66 8550 5658 24 1320
5159 4590 296 300 882 3774 406 1610
6984 690 555 1184 3465 2166 4898 2652
205 5820 3634 1425 7050 1452 3762 4042
153 152 496 6794 3075 4472 7790 2208

Матричное умножение матриц A и B:
14197 10023 14830 11179 19687 12660 16306 17045
28241 28923 19769 13718 31408 29080 20840 23442
18845 20337 19747 12129 24225 17536 16433 17826
25091 24630 19543 16360 28654 27559 20809 24514
26926 28111 20117 16151 25430 26902 18756 24304
24557 23761 22949 16570 22928 20818 17248 23454
29180 29712 25120 16690 39092 31511 25350 27235
23424 23738 21205 9616 33201 20691 22338 23054

Матричное сложение:
91 125 95 111 33 112 27 172
69 124 175 85 165 104 120 79
87 116 41 109 100 111 129 48
85 163 139 25 185 151 10 86
144 139 78 37 107 125 65 93
169 61 52 69 122 95 141 107
46 157 125 110 169 88 137 133
54 78 70 165 116 138 177 101

Матричное вычитание:
-89 -25 -91 -71 17 -22 23 26
11 -26 -15 45 -5 78 18 -71
9 -4 7 17 -64 -79 13 42
-49 5 49 19 5 -13 2 46
-10 -31 70 13 89 -23 51 -47
25 31 -22 5 -32 -19 17 -29
-36 37 33 80 -19 44 -61 39
-48 74 -54 7 -34 34 13 -37

Транспонирование матрицы A:
1 40 48 18 67 97 5 3
50 49 56 84 54 46 97 76
2 80 24 94 74 15 79 8
20 65 63 22 25 37 95 86
25 80 18 95 98 45 75 41
45 91 16 69 51 38 66 86
25 69 71 6 58 79 38 95
99 4 45 66 23 39 86 32
