Диагональная матрица C:
72 70 0
20 71 52
0 36 78
Диагональная матрица D:
89 100 0
3 64 2
0 22 90
Сумма матриц C и D:
161 170 0
23 135 54
0 58 168
Разность матриц C и D:
-17 -30 0
17 7 50
0 14 -12
Поэлементное произведение матриц C и D:
6408 7000 0
60 4544 104
0 792 7020
Матричное произведение матриц C и D:
6408 11680 0
1993 4544 4822
0 4020 7020
Транспонированная матрица C:
72 20 0
70 71 36
0 52 78
Транспонированная матрица D:
89 3 0
100 64 22
0 2 90
Произведение Кронекера матриц C и D:
6408 7200 0 0 0 0 0 0 0
216 4608 144 0 0 0 0 0 0
0 1584 6480 0 0 0 0 0 0
0 0 0 6319 7100 0 0 0 0
0 0 0 213 4544 142 0 0 0
0 0 0 0 1562 6390 0 0 0
0 0 0 0 0 0 6942 7800 0
0 0 0 0 0 0 0 4992 156
0 0 0 0 0 0 0 0 7020
Matrix at index 0:
1 2 
3 4 
Matrix at index 1:
1 2 
3 4 
Matrix at index 2:
5 0 0 
0 0 0 
0 0 0 
Matrix at index 3:
Empty
Matrix at index 4:
Empty
